0 2
1 0
2 0
3 0
4 0
5 2
6 0
7 0
8 0
9 2
10 2
11 2
12 0
13 0
14 0
15 2
16 2
17 2
18 2
19 2
20 2
21 0
22 0
23 2
24 2
25 0
26 0
27 0
28 2
29 2
30 0
31 2
32 0
33 3
34 2
35 0
36 0
37 2
38 2
39 0
40 2
41 3
42 2
43 0
44 0
45 0
46 2
47 2
48 2
49 0
50 0
51 0
52 0
53 0
54 2
55 0
56 0
57 2
58 0
59 2
60 0
61 0
62 0
63 0
64 0
65 2
66 3
67 2
68 0
69 0
70 2
71 2
72 2
73 2
74 0
75 0
76 2
77 0
78 2
79 0
80 2
81 0
82 0
83 0
84 0
85 2
86 0
87 0
88 2
89 2
90 2
91 2
92 2
93 2
94 2
95 2
96 2
97 1
98 0
99 0
100 2
101 2
102 0
103 2
104 0
105 2
106 2
107 2
108 2
109 0
110 0
111 0
112 0
113 0
114 2
115 0
116 0
117 2
118 2
119 0
120 0
121 2
122 0
123 3
124 3
125 2
126 0
127 3
128 0
129 0
130 0
131 0
132 2
133 2
134 2
135 2
136 0
137 0
138 2
139 0
140 0
141 0
142 0
143 0
144 0
145 0
146 2
147 0
148 0
149 2
150 2
151 0
152 0
153 0
154 2
155 0
156 0
157 0
158 0
159 0
160 0
161 0
162 0
163 0
164 0
165 0
166 0
167 0
168 2
169 0
170 0
171 0
172 0
173 0
174 2
175 0
176 0
177 0
178 0
179 2
180 0
181 0
182 2
183 2
184 0
185 2
186 2
187 2
188 2
189 2
190 2
191 0
192 2
193 0
194 0
195 0
196 0
197 0
198 2
199 2
200 0
201 2
202 0
203 2
204 2
205 2
206 0
207 2
208 2
209 0
210 2
211 3
212 3
213 0
214 0
215 0
216 0
217 2
218 2
219 2
220 2
221 2
222 2
223 2
224 2
225 0
226 0
227 2
228 0
229 2
230 2
231 2
232 0
233 2
234 2
235 0
236 0
237 2
238 0
239 0
240 0
241 2
242 0
243 0
244 0
245 0
246 0
247 0
248 0
249 0
250 2
251 0
252 0
253 0
254 3
255 2
256 0
257 0
258 2
259 2
260 2
261 2
262 1
263 2
264 0
265 2
266 2
267 0
268 0
269 0
270 2
271 0
272 0
273 0
274 0
275 0
276 0
277 3
278 2
279 2
280 0
281 2
282 0
283 0
284 3
285 0
286 2
287 0
288 0
289 2
290 3
291 2
292 0
293 0
294 0
295 0
296 0
297 0
298 0
299 0
300 2
301 0
302 0
303 2
304 2
305 2
306 2
307 2
308 2
309 1
310 2
311 0
312 0
313 2
314 2
315 2
316 2
317 2
318 2
319 2
320 0
321 0
322 0
323 2
324 0
325 0
326 2
327 0
328 3
329 0
330 0
331 0
332 2
333 2
334 0
335 0
336 2
337 2
338 2
339 2
340 2
341 0
342 3
343 2
344 2
345 2
346 0
347 0
348 2
349 0
350 0
351 0
352 2
353 2
354 0
355 1
356 0
357 0
358 0
359 0
360 2
361 0
362 0
363 2
364 2
365 2
366 2
367 2
368 0
369 2
370 0
371 0
372 0
373 0
374 0
375 0
376 0
377 2
378 0
379 2
380 2
381 0
382 0
383 2
384 0
385 0
386 2
387 2
388 2
389 0
390 0
391 0
392 2
393 0
394 2
395 2
396 2
397 2
398 2
399 1
400 3
401 2
402 2
403 2
404 3
405 3
406 2
407 2
408 3
409 2
410 3
411 3
412 2
413 2
414 3
415 3
416 2
417 2
418 2
419 2
420 3
421 3
422 0
423 2
424 3
425 2
426 3
427 2
428 2
429 2
430 3
431 3
432 3
433 3
434 3
435 2
436 2
437 2
438 2
439 3
440 2
441 2
442 2
443 2
444 0
445 3
446 3
447 3
448 3
449 2
450 3
451 1
452 2
453 2
454 2
455 3
456 2
457 3
458 2
459 3
460 2
461 3
462 2
463 3
464 2
465 2
466 3
467 3
468 3
469 3
470 2
471 2
472 2
473 3
474 2
475 2
476 2
477 2
478 2
479 3
480 2
481 2
482 2
483 0
484 0
485 0
486 0
487 0
488 2
489 2
490 2
491 2
492 0
493 0
494 0
495 0
